Statistics for WORDS: 
             Length    Num_Splits     Wordiness  Reading_Time      Accuracy
count  38335.000000  38335.000000  38335.000000  38335.000000  38335.000000
mean       8.225068      1.340159      0.708145    739.979802      0.911154
std        2.291986      0.833294      0.091320     98.544277      0.138695
min        2.000000      0.000000      0.250000    515.540000      0.080000
25%        7.000000      1.000000      0.670000    667.895000      0.880000
50%        8.000000      1.000000      0.710000    723.200000      0.960000
75%       10.000000      2.000000      0.770000    795.460000      1.000000
max       19.000000      6.000000      0.940000   1464.250000      1.000000

Statistics for NON-WORDS: 
             Length    Num_Splits     Wordiness  Reading_Time      Accuracy
count  38807.000000  38807.000000  38807.000000  38807.000000  38807.000000
mean       8.250419      1.792924      0.656048    807.826027      0.934287
std        2.290494      0.808875      0.065988     87.553345      0.115395
min        2.000000      0.000000      0.000000    519.000000      0.080000
25%        7.000000      1.000000      0.620000    744.910000      0.920000
50%        8.000000      2.000000      0.670000    796.950000      0.960000
75%       10.000000      2.000000      0.700000    858.360000      1.000000
max       18.000000      6.000000      0.880000   1604.000000      1.000000