Statistics for WORDS: 
             Length    Num_Splits     Wordiness   Reading_Time      Accuracy
count  45232.000000  45232.000000  45232.000000   45232.000000  45232.000000
mean       8.186262      1.506787      0.684710    1673.509824      0.746744
std        2.086126      0.771985      0.091911    4398.030425      0.271985
min        3.000000      0.000000      0.200000  -13482.330000      0.000000
25%        7.000000      1.000000      0.620000    1137.870000      0.560000
50%        8.000000      1.000000      0.670000    1521.040000      0.870000
75%       10.000000      2.000000      0.750000    1876.882500      0.980000
max       12.000000      5.000000      0.920000  639509.990000      1.000000

Statistics for NON-WORDS: 
             Length    Num_Splits     Wordiness   Reading_Time      Accuracy
count  56862.000000  56862.000000  56862.000000   56862.000000  56862.000000
mean       8.178590      1.956474      0.631253    2010.264730      0.897612
std        2.117175      0.788109      0.076659    5768.418183      0.091348
min        3.000000      0.000000      0.000000     375.390000      0.000000
25%        7.000000      1.000000      0.600000    1551.255000      0.870000
50%        8.000000      2.000000      0.640000    1786.080000      0.920000
75%       10.000000      2.000000      0.670000    2067.025000      0.960000
max       12.000000      5.000000      0.880000  674895.510000      1.000000